netcdf rayfil-523_sing {
dimensions:
	Total_Bins = 465 ;
variables:
	float range(Total_Bins) ;
		range:variable_definition = "Bin_Center_Range_MSL" ;
		range:units = "(km)" ;
	float winter_ray(Total_Bins) ;
		winter_ray:variable_definition = "Winter_Rayleigh_Backscatter_Coefficient" ;
		winter_ray:units = "PhE*km^2/str" ;
	float summer_ray(Total_Bins) ;
		summer_ray:variable_definition = "Summer_Rayleigh_Backscatter_Coefficient" ;
		summer_ray:units = "PhE*km^2/str" ;
	float winter_att(Total_Bins) ;
		winter_att:variable_definition = "Winter_Attenuated_Backscatter_Coefficient" ;
		winter_att:units = "PhE*km^2/str" ;
	float summer_att(Total_Bins) ;
		summer_att:variable_definition = "Summer_Attenuated_Backscatter_Coefficient" ;
		summer_att:units = "PhE*km^2/str" ;
	float winter_opd(Total_Bins) ;
		winter_opd:variable_definition = "Winter_Molecular_Optical_Depth_To_Bin" ;
	float winter_tsq(Total_Bins) ;
		winter_tsq:variable_definition = "Winter_Transmission_At_Bin" ;
	float summer_opd(Total_Bins) ;
		summer_opd:variable_definition = "Summer_Molecular_Optical_Depth_To_Bin" ;
	float summer_tsq(Total_Bins) ;
		summer_tsq:variable_definition = "Summer_Transmission_At_Bin" ;

// global attributes:
		:File_Created = "Mon Dec  7 20:13:57 EST 2009" ;
		:Code_Author = "James Campbell_NASA-GSFC" ;
		:File_Name = "rayfil-523_sing.cdf" ;
		:Input_File = "Sgdlh/raybs523_twpm.mpl" ;
		:Site_Location = "sing" ;
		:Site_Altitude = 0.08f ;
		:Number_Of_Range_Bins = 465s ;
		:Range_Resolution = 0.075f ;
		:MPLNet_WWW_Homepage = "http://mplnet.gsfc.nasa.gov/" ;
		:Principal_Investigators = "J.D.Spinhirne,E.J.Welton,S.C.Tsay,B.Holben" ;
		:Note1 = "This_data_is_the_property_of_the_PIs_listed_above_and_the_NASA_EOS_program" ;
		:Note2 = "Use_of_this_data_for_publication_is_prohibited_without_proper_reference,_and/or_offer_of_co-authorship,_or_expressed_permission" ;
		:Note3 = "do_what_you_will_but_harm_none" ;
data:

 range = 0.0375, 0.1125, 0.1875, 0.2625, 0.3375, 0.4125, 0.4875, 0.5624999, 
    0.6374999, 0.7124999, 0.7874999, 0.8624999, 0.9374999, 1.0125, 1.0875, 
    1.1625, 1.2375, 1.3125, 1.3875, 1.4625, 1.5375, 1.6125, 1.6875, 1.7625, 
    1.8375, 1.912501, 1.987501, 2.0625, 2.137501, 2.212501, 2.287501, 
    2.362501, 2.437501, 2.512501, 2.587501, 2.662501, 2.737501, 2.812501, 
    2.887501, 2.962501, 3.037501, 3.112501, 3.187501, 3.262501, 3.337501, 
    3.412501, 3.487501, 3.562501, 3.637501, 3.712502, 3.787502, 3.862502, 
    3.937502, 4.012502, 4.087502, 4.162501, 4.237501, 4.312501, 4.387501, 
    4.462501, 4.5375, 4.6125, 4.6875, 4.7625, 4.8375, 4.912499, 4.987499, 
    5.062499, 5.137499, 5.212499, 5.287498, 5.362498, 5.437498, 5.512498, 
    5.587498, 5.662498, 5.737497, 5.812497, 5.887497, 5.962497, 6.037497, 
    6.112496, 6.187496, 6.262496, 6.337496, 6.412496, 6.487495, 6.562495, 
    6.637495, 6.712495, 6.787495, 6.862494, 6.937494, 7.012494, 7.087494, 
    7.162494, 7.237494, 7.312493, 7.387493, 7.462493, 7.537493, 7.612493, 
    7.687492, 7.762492, 7.837492, 7.912492, 7.987492, 8.062491, 8.137491, 
    8.212491, 8.287491, 8.362491, 8.43749, 8.51249, 8.58749, 8.66249, 
    8.73749, 8.81249, 8.887489, 8.962489, 9.037489, 9.112489, 9.187489, 
    9.262488, 9.337488, 9.412488, 9.487488, 9.562488, 9.637487, 9.712487, 
    9.787487, 9.862487, 9.937487, 10.01249, 10.08749, 10.16249, 10.23749, 
    10.31249, 10.38749, 10.46249, 10.53749, 10.61248, 10.68748, 10.76248, 
    10.83748, 10.91248, 10.98748, 11.06248, 11.13748, 11.21248, 11.28748, 
    11.36248, 11.43748, 11.51248, 11.58748, 11.66248, 11.73748, 11.81248, 
    11.88748, 11.96248, 12.03748, 12.11248, 12.18748, 12.26248, 12.33748, 
    12.41248, 12.48748, 12.56248, 12.63748, 12.71248, 12.78748, 12.86248, 
    12.93748, 13.01248, 13.08748, 13.16248, 13.23748, 13.31248, 13.38748, 
    13.46248, 13.53748, 13.61248, 13.68748, 13.76248, 13.83748, 13.91248, 
    13.98748, 14.06248, 14.13748, 14.21248, 14.28748, 14.36248, 14.43748, 
    14.51248, 14.58747, 14.66247, 14.73747, 14.81247, 14.88747, 14.96247, 
    15.03747, 15.11247, 15.18747, 15.26247, 15.33747, 15.41247, 15.48747, 
    15.56247, 15.63747, 15.71247, 15.78747, 15.86247, 15.93747, 16.01247, 
    16.08747, 16.16247, 16.23747, 16.31248, 16.38748, 16.46248, 16.53748, 
    16.61248, 16.68748, 16.76248, 16.83748, 16.91248, 16.98748, 17.06248, 
    17.13748, 17.21248, 17.28749, 17.36249, 17.43749, 17.51249, 17.58749, 
    17.66249, 17.73749, 17.81249, 17.88749, 17.96249, 18.03749, 18.11249, 
    18.18749, 18.2625, 18.3375, 18.4125, 18.4875, 18.5625, 18.6375, 18.7125, 
    18.7875, 18.8625, 18.9375, 19.0125, 19.0875, 19.1625, 19.2375, 19.31251, 
    19.38751, 19.46251, 19.53751, 19.61251, 19.68751, 19.76251, 19.83751, 
    19.91251, 19.98751, 20.06251, 20.13751, 20.21251, 20.28752, 20.36252, 
    20.43752, 20.51252, 20.58752, 20.66252, 20.73752, 20.81252, 20.88752, 
    20.96252, 21.03752, 21.11252, 21.18752, 21.26253, 21.33753, 21.41253, 
    21.48753, 21.56253, 21.63753, 21.71253, 21.78753, 21.86253, 21.93753, 
    22.01253, 22.08753, 22.16253, 22.23754, 22.31254, 22.38754, 22.46254, 
    22.53754, 22.61254, 22.68754, 22.76254, 22.83754, 22.91254, 22.98754, 
    23.06254, 23.13754, 23.21255, 23.28755, 23.36255, 23.43755, 23.51255, 
    23.58755, 23.66255, 23.73755, 23.81255, 23.88755, 23.96255, 24.03755, 
    24.11255, 24.18756, 24.26256, 24.33756, 24.41256, 24.48756, 24.56256, 
    24.63756, 24.71256, 24.78756, 24.86256, 24.93756, 25.01256, 25.08756, 
    25.16257, 25.23757, 25.31257, 25.38757, 25.46257, 25.53757, 25.61257, 
    25.68757, 25.76257, 25.83757, 25.91257, 25.98757, 26.06257, 26.13758, 
    26.21258, 26.28758, 26.36258, 26.43758, 26.51258, 26.58758, 26.66258, 
    26.73758, 26.81258, 26.88758, 26.96258, 27.03758, 27.11259, 27.18759, 
    27.26259, 27.33759, 27.41259, 27.48759, 27.56259, 27.63759, 27.71259, 
    27.78759, 27.86259, 27.93759, 28.01259, 28.08759, 28.1626, 28.2376, 
    28.3126, 28.3876, 28.4626, 28.5376, 28.6126, 28.6876, 28.7626, 28.8376, 
    28.9126, 28.9876, 29.0626, 29.13761, 29.21261, 29.28761, 29.36261, 
    29.43761, 29.51261, 29.58761, 29.66261, 29.73761, 29.81261, 29.88761, 
    29.96261, 30.03761, 30.11262, 30.18762, 30.26262, 30.33762, 30.41262, 
    30.48762, 30.56262, 30.63762, 30.71262, 30.78762, 30.86262, 30.93762, 
    31.01262, 31.08763, 31.16263, 31.23763, 31.31263, 31.38763, 31.46263, 
    31.53763, 31.61263, 31.68763, 31.76263, 31.83763, 31.91263, 31.98763, 
    32.06263, 32.13763, 32.21264, 32.28764, 32.36264, 32.43764, 32.51264, 
    32.58764, 32.66264, 32.73764, 32.81264, 32.88764, 32.96264, 33.03764, 
    33.11264, 33.18764, 33.26265, 33.33765, 33.41265, 33.48765, 33.56265, 
    33.63765, 33.71265, 33.78765, 33.86265, 33.93765, 34.01265, 34.08765, 
    34.16265, 34.23766, 34.31266, 34.38766, 34.46266, 34.53766, 34.61266, 
    34.68766, 34.76266, 34.83766 ;

 winter_ray = 0.00161064, 0.001599297, 0.001588053, 0.001576853, 0.001565653, 
    0.001554567, 0.001543567, 0.001532567, 0.001521623, 0.00151078, 
    0.001500037, 0.00148928, 0.00147967, 0.001469893, 0.00145935, 0.00144885, 
    0.001438407, 0.001428007, 0.00141772, 0.001407463, 0.00139722, 
    0.001387077, 0.001376977, 0.001366933, 0.00135699, 0.00134811, 
    0.001338593, 0.001328107, 0.00131765, 0.001307263, 0.001296963, 
    0.001286777, 0.001276677, 0.001266633, 0.001256577, 0.00124659, 
    0.001236747, 0.001226946, 0.001217883, 0.001209213, 0.00120047, 
    0.001191713, 0.001183027, 0.001174427, 0.001165826, 0.00115734, 
    0.001148883, 0.00114044, 0.00113204, 0.001123697, 0.001115453, 
    0.001107253, 0.001099053, 0.001090853, 0.00108271, 0.001074667, 
    0.001066667, 0.001058667, 0.001050723, 0.00104288, 0.00103508, 
    0.00102728, 0.001019537, 0.001011837, 0.001004137, 0.0009967937, 
    0.0009894461, 0.0009819145, 0.0009744328, 0.0009669841, 0.0009595781, 
    0.0009522265, 0.0009449135, 0.0009376362, 0.0009304045, 0.0009232116, 
    0.0009160599, 0.0009089583, 0.0009020426, 0.0008951109, 0.0008880993, 
    0.000881132, 0.0008742104, 0.0008673274, 0.00086048, 0.0008536784, 
    0.0008469211, 0.0008402038, 0.0008335265, 0.0008268891, 0.0008202918, 
    0.0008137401, 0.0008077654, 0.0008017055, 0.0007952838, 0.0007889009, 
    0.0007825536, 0.0007762462, 0.0007699732, 0.0007637472, 0.0007575586, 
    0.0007514069, 0.000745294, 0.000739211, 0.0007331636, 0.0007276266, 
    0.0007220133, 0.0007160759, 0.0007101787, 0.0007043214, 0.0006984983, 
    0.000692711, 0.000686958, 0.0006812408, 0.0006755578, 0.000669916, 
    0.0006643074, 0.0006587301, 0.0006530058, 0.0006473485, 0.0006418611, 
    0.0006364081, 0.0006309908, 0.0006256191, 0.0006202805, 0.0006149731, 
    0.0006097002, 0.0006044572, 0.0005992498, 0.0005940826, 0.0005889495, 
    0.0005838465, 0.0005794703, 0.0005749945, 0.0005700359, 0.0005651086, 
    0.0005602156, 0.0005553525, 0.0005505196, 0.0005457166, 0.0005409436, 
    0.0005362062, 0.0005315032, 0.0005268246, 0.000522183, 0.0005174553, 
    0.0005127416, 0.0005081243, 0.0005035356, 0.000498984, 0.0004944653, 
    0.0004899723, 0.0004855093, 0.000481082, 0.0004766834, 0.000472316, 
    0.000467983, 0.0004636857, 0.0004600514, 0.0004562997, 0.0004520854, 
    0.0004479037, 0.0004437607, 0.0004396364, 0.0004355447, 0.0004314804, 
    0.000427443, 0.00042344, 0.000419467, 0.0004155184, 0.0004115954, 
    0.0004077024, 0.0004033353, 0.0003991221, 0.0003953291, 0.0003915717, 
    0.0003878431, 0.0003841401, 0.0003804614, 0.0003768084, 0.0003731854, 
    0.0003695867, 0.0003660137, 0.0003624707, 0.0003589521, 0.0003566031, 
    0.0003539934, 0.0003505204, 0.0003470718, 0.0003436488, 0.0003402558, 
    0.0003368871, 0.0003335384, 0.0003302154, 0.0003269224, 0.0003236538, 
    0.0003204051, 0.0003171821, 0.000313621, 0.0003101818, 0.0003070531, 
    0.0003039501, 0.0003008714, 0.0002978127, 0.0002947797, 0.0002917654, 
    0.0002887781, 0.0002858137, 0.0002828707, 0.0002799577, 0.0002770634, 
    0.0002741904, 0.0002707415, 0.0002672039, 0.0002639665, 0.0002607635, 
    0.0002576017, 0.0002544731, 0.0002513813, 0.0002483226, 0.0002452952, 
    0.0002423079, 0.0002393605, 0.0002364361, 0.0002335444, 0.0002312295, 
    0.0002285068, 0.0002251808, 0.0002219091, 0.0002186874, 0.0002155156, 
    0.0002123996, 0.0002093322, 0.0002063105, 0.0002033388, 0.0002004171, 
    0.0001975397, 0.0001947081, 0.0001920963, 0.000189489, 0.0001867916, 
    0.0001841399, 0.0001815269, 0.0001789552, 0.0001764222, 0.0001739305, 
    0.0001714718, 0.0001690501, 0.0001666784, 0.0001643397, 0.0001620323, 
    0.0001597593, 0.000157573, 0.0001554146, 0.0001532403, 0.0001510985, 
    0.0001489955, 0.0001469225, 0.0001448852, 0.0001428708, 0.0001408891, 
    0.0001389404, 0.0001370175, 0.0001351244, 0.0001332671, 0.0001316084, 
    0.0001299297, 0.0001281467, 0.0001263937, 0.000124665, 0.000122962, 
    0.0001212833, 0.0001196303, 0.0001180016, 0.0001163986, 0.0001148199, 
    0.0001132669, 0.0001117326, 0.0001102593, 0.0001088292, 0.0001074106, 
    0.0001060176, 0.0001046432, 0.0001032846, 0.0001019459, 0.0001006272, 
    9.932569e-05, 9.804203e-05, 9.677665e-05, 9.552827e-05, 9.429747e-05, 
    9.308352e-05, 9.188617e-05, 9.070579e-05, 8.954128e-05, 8.839234e-05, 
    8.72594e-05, 8.614248e-05, 8.50404e-05, 8.395403e-05, 8.288295e-05, 
    8.182532e-05, 8.078182e-05, 7.975388e-05, 7.873968e-05, 7.773918e-05, 
    7.675197e-05, 7.577791e-05, 7.481728e-05, 7.387021e-05, 7.2936e-05, 
    7.201437e-05, 7.110517e-05, 7.020853e-05, 6.932376e-05, 6.844999e-05, 
    6.758836e-05, 6.673917e-05, 6.590082e-05, 6.507419e-05, 6.425829e-05, 
    6.345365e-05, 6.265976e-05, 6.187656e-05, 6.110365e-05, 6.034146e-05, 
    5.958899e-05, 5.88468e-05, 5.811432e-05, 5.739156e-05, 5.667865e-05, 
    5.597532e-05, 5.552942e-05, 5.50358e-05, 5.436333e-05, 5.369943e-05, 
    5.304396e-05, 5.239707e-05, 5.17586e-05, 5.112813e-05, 5.050623e-05, 
    4.989277e-05, 4.928617e-05, 4.868784e-05, 4.809724e-05, 4.751377e-05, 
    4.693774e-05, 4.636985e-05, 4.580924e-05, 4.525521e-05, 4.470875e-05, 
    4.416915e-05, 4.363612e-05, 4.311009e-05, 4.259105e-05, 4.207845e-05, 
    4.157185e-05, 4.10724e-05, 4.057979e-05, 4.00932e-05, 3.961203e-05, 
    3.9137e-05, 3.86684e-05, 3.820524e-05, 3.774821e-05, 3.729761e-05, 
    3.685187e-05, 3.641185e-05, 3.597768e-05, 3.554965e-05, 3.512635e-05, 
    3.470775e-05, 3.429573e-05, 3.388899e-05, 3.348626e-05, 3.308867e-05, 
    3.26965e-05, 3.230934e-05, 3.19266e-05, 3.154844e-05, 3.117527e-05, 
    3.080711e-05, 3.044395e-05, 3.008465e-05, 2.972949e-05, 2.937932e-05, 
    2.903359e-05, 2.869186e-05, 2.83547e-05, 2.80214e-05, 2.76928e-05, 
    2.73685e-05, 2.704721e-05, 2.673004e-05, 2.641731e-05, 2.610858e-05, 
    2.580328e-05, 2.550155e-05, 2.531916e-05, 2.511195e-05, 2.481966e-05, 
    2.453092e-05, 2.424506e-05, 2.396347e-05, 2.368503e-05, 2.34093e-05, 
    2.313757e-05, 2.286984e-05, 2.260498e-05, 2.234325e-05, 2.208495e-05, 
    2.182965e-05, 2.157735e-05, 2.132806e-05, 2.108176e-05, 2.083903e-05, 
    2.059916e-05, 2.036187e-05, 2.012757e-05, 1.98957e-05, 1.966697e-05, 
    1.944111e-05, 1.921781e-05, 1.899751e-05, 1.878022e-05, 1.856536e-05, 
    1.835249e-05, 1.814219e-05, 1.793546e-05, 1.773103e-05, 1.752817e-05, 
    1.732844e-05, 1.7131e-05, 1.693514e-05, 1.674298e-05, 1.655298e-05, 
    1.636411e-05, 1.617782e-05, 1.599452e-05, 1.581365e-05, 1.563422e-05, 
    1.545693e-05, 1.528206e-05, 1.510919e-05, 1.493776e-05, 1.476904e-05, 
    1.460261e-05, 1.443774e-05, 1.427487e-05, 1.411401e-05, 1.395572e-05, 
    1.379872e-05, 1.364285e-05, 1.348955e-05, 1.333812e-05, 1.318826e-05, 
    1.304096e-05, 1.289496e-05, 1.275009e-05, 1.260723e-05, 1.246637e-05, 
    1.232694e-05, 1.218907e-05, 1.205264e-05, 1.191834e-05 ;

 summer_ray = 0.00161064, 0.001599297, 0.001588053, 0.001576853, 0.001565653, 
    0.001554567, 0.001543567, 0.001532567, 0.001521623, 0.00151078, 
    0.001500037, 0.00148928, 0.00147967, 0.001469893, 0.00145935, 0.00144885, 
    0.001438407, 0.001428007, 0.00141772, 0.001407463, 0.00139722, 
    0.001387077, 0.001376977, 0.001366933, 0.00135699, 0.00134811, 
    0.001338593, 0.001328107, 0.00131765, 0.001307263, 0.001296963, 
    0.001286777, 0.001276677, 0.001266633, 0.001256577, 0.00124659, 
    0.001236747, 0.001226946, 0.001217883, 0.001209213, 0.00120047, 
    0.001191713, 0.001183027, 0.001174427, 0.001165826, 0.00115734, 
    0.001148883, 0.00114044, 0.00113204, 0.001123697, 0.001115453, 
    0.001107253, 0.001099053, 0.001090853, 0.00108271, 0.001074667, 
    0.001066667, 0.001058667, 0.001050723, 0.00104288, 0.00103508, 
    0.00102728, 0.001019537, 0.001011837, 0.001004137, 0.0009967937, 
    0.0009894461, 0.0009819145, 0.0009744328, 0.0009669841, 0.0009595781, 
    0.0009522265, 0.0009449135, 0.0009376362, 0.0009304045, 0.0009232116, 
    0.0009160599, 0.0009089583, 0.0009020426, 0.0008951109, 0.0008880993, 
    0.000881132, 0.0008742104, 0.0008673274, 0.00086048, 0.0008536784, 
    0.0008469211, 0.0008402038, 0.0008335265, 0.0008268891, 0.0008202918, 
    0.0008137401, 0.0008077654, 0.0008017055, 0.0007952838, 0.0007889009, 
    0.0007825536, 0.0007762462, 0.0007699732, 0.0007637472, 0.0007575586, 
    0.0007514069, 0.000745294, 0.000739211, 0.0007331636, 0.0007276266, 
    0.0007220133, 0.0007160759, 0.0007101787, 0.0007043214, 0.0006984983, 
    0.000692711, 0.000686958, 0.0006812408, 0.0006755578, 0.000669916, 
    0.0006643074, 0.0006587301, 0.0006530058, 0.0006473485, 0.0006418611, 
    0.0006364081, 0.0006309908, 0.0006256191, 0.0006202805, 0.0006149731, 
    0.0006097002, 0.0006044572, 0.0005992498, 0.0005940826, 0.0005889495, 
    0.0005838465, 0.0005794703, 0.0005749945, 0.0005700359, 0.0005651086, 
    0.0005602156, 0.0005553525, 0.0005505196, 0.0005457166, 0.0005409436, 
    0.0005362062, 0.0005315032, 0.0005268246, 0.000522183, 0.0005174553, 
    0.0005127416, 0.0005081243, 0.0005035356, 0.000498984, 0.0004944653, 
    0.0004899723, 0.0004855093, 0.000481082, 0.0004766834, 0.000472316, 
    0.000467983, 0.0004636857, 0.0004600514, 0.0004562997, 0.0004520854, 
    0.0004479037, 0.0004437607, 0.0004396364, 0.0004355447, 0.0004314804, 
    0.000427443, 0.00042344, 0.000419467, 0.0004155184, 0.0004115954, 
    0.0004077024, 0.0004033353, 0.0003991221, 0.0003953291, 0.0003915717, 
    0.0003878431, 0.0003841401, 0.0003804614, 0.0003768084, 0.0003731854, 
    0.0003695867, 0.0003660137, 0.0003624707, 0.0003589521, 0.0003566031, 
    0.0003539934, 0.0003505204, 0.0003470718, 0.0003436488, 0.0003402558, 
    0.0003368871, 0.0003335384, 0.0003302154, 0.0003269224, 0.0003236538, 
    0.0003204051, 0.0003171821, 0.000313621, 0.0003101818, 0.0003070531, 
    0.0003039501, 0.0003008714, 0.0002978127, 0.0002947797, 0.0002917654, 
    0.0002887781, 0.0002858137, 0.0002828707, 0.0002799577, 0.0002770634, 
    0.0002741904, 0.0002707415, 0.0002672039, 0.0002639665, 0.0002607635, 
    0.0002576017, 0.0002544731, 0.0002513813, 0.0002483226, 0.0002452952, 
    0.0002423079, 0.0002393605, 0.0002364361, 0.0002335444, 0.0002312295, 
    0.0002285068, 0.0002251808, 0.0002219091, 0.0002186874, 0.0002155156, 
    0.0002123996, 0.0002093322, 0.0002063105, 0.0002033388, 0.0002004171, 
    0.0001975397, 0.0001947081, 0.0001920963, 0.000189489, 0.0001867916, 
    0.0001841399, 0.0001815269, 0.0001789552, 0.0001764222, 0.0001739305, 
    0.0001714718, 0.0001690501, 0.0001666784, 0.0001643397, 0.0001620323, 
    0.0001597593, 0.000157573, 0.0001554146, 0.0001532403, 0.0001510985, 
    0.0001489955, 0.0001469225, 0.0001448852, 0.0001428708, 0.0001408891, 
    0.0001389404, 0.0001370175, 0.0001351244, 0.0001332671, 0.0001316084, 
    0.0001299297, 0.0001281467, 0.0001263937, 0.000124665, 0.000122962, 
    0.0001212833, 0.0001196303, 0.0001180016, 0.0001163986, 0.0001148199, 
    0.0001132669, 0.0001117326, 0.0001102593, 0.0001088292, 0.0001074106, 
    0.0001060176, 0.0001046432, 0.0001032846, 0.0001019459, 0.0001006272, 
    9.932569e-05, 9.804203e-05, 9.677665e-05, 9.552827e-05, 9.429747e-05, 
    9.308352e-05, 9.188617e-05, 9.070579e-05, 8.954128e-05, 8.839234e-05, 
    8.72594e-05, 8.614248e-05, 8.50404e-05, 8.395403e-05, 8.288295e-05, 
    8.182532e-05, 8.078182e-05, 7.975388e-05, 7.873968e-05, 7.773918e-05, 
    7.675197e-05, 7.577791e-05, 7.481728e-05, 7.387021e-05, 7.2936e-05, 
    7.201437e-05, 7.110517e-05, 7.020853e-05, 6.932376e-05, 6.844999e-05, 
    6.758836e-05, 6.673917e-05, 6.590082e-05, 6.507419e-05, 6.425829e-05, 
    6.345365e-05, 6.265976e-05, 6.187656e-05, 6.110365e-05, 6.034146e-05, 
    5.958899e-05, 5.88468e-05, 5.811432e-05, 5.739156e-05, 5.667865e-05, 
    5.597532e-05, 5.552942e-05, 5.50358e-05, 5.436333e-05, 5.369943e-05, 
    5.304396e-05, 5.239707e-05, 5.17586e-05, 5.112813e-05, 5.050623e-05, 
    4.989277e-05, 4.928617e-05, 4.868784e-05, 4.809724e-05, 4.751377e-05, 
    4.693774e-05, 4.636985e-05, 4.580924e-05, 4.525521e-05, 4.470875e-05, 
    4.416915e-05, 4.363612e-05, 4.311009e-05, 4.259105e-05, 4.207845e-05, 
    4.157185e-05, 4.10724e-05, 4.057979e-05, 4.00932e-05, 3.961203e-05, 
    3.9137e-05, 3.86684e-05, 3.820524e-05, 3.774821e-05, 3.729761e-05, 
    3.685187e-05, 3.641185e-05, 3.597768e-05, 3.554965e-05, 3.512635e-05, 
    3.470775e-05, 3.429573e-05, 3.388899e-05, 3.348626e-05, 3.308867e-05, 
    3.26965e-05, 3.230934e-05, 3.19266e-05, 3.154844e-05, 3.117527e-05, 
    3.080711e-05, 3.044395e-05, 3.008465e-05, 2.972949e-05, 2.937932e-05, 
    2.903359e-05, 2.869186e-05, 2.83547e-05, 2.80214e-05, 2.76928e-05, 
    2.73685e-05, 2.704721e-05, 2.673004e-05, 2.641731e-05, 2.610858e-05, 
    2.580328e-05, 2.550155e-05, 2.531916e-05, 2.511195e-05, 2.481966e-05, 
    2.453092e-05, 2.424506e-05, 2.396347e-05, 2.368503e-05, 2.34093e-05, 
    2.313757e-05, 2.286984e-05, 2.260498e-05, 2.234325e-05, 2.208495e-05, 
    2.182965e-05, 2.157735e-05, 2.132806e-05, 2.108176e-05, 2.083903e-05, 
    2.059916e-05, 2.036187e-05, 2.012757e-05, 1.98957e-05, 1.966697e-05, 
    1.944111e-05, 1.921781e-05, 1.899751e-05, 1.878022e-05, 1.856536e-05, 
    1.835249e-05, 1.814219e-05, 1.793546e-05, 1.773103e-05, 1.752817e-05, 
    1.732844e-05, 1.7131e-05, 1.693514e-05, 1.674298e-05, 1.655298e-05, 
    1.636411e-05, 1.617782e-05, 1.599452e-05, 1.581365e-05, 1.563422e-05, 
    1.545693e-05, 1.528206e-05, 1.510919e-05, 1.493776e-05, 1.476904e-05, 
    1.460261e-05, 1.443774e-05, 1.427487e-05, 1.411401e-05, 1.395572e-05, 
    1.379872e-05, 1.364285e-05, 1.348955e-05, 1.333812e-05, 1.318826e-05, 
    1.304096e-05, 1.289496e-05, 1.275009e-05, 1.260723e-05, 1.246637e-05, 
    1.232694e-05, 1.218907e-05, 1.205264e-05, 1.191834e-05 ;

 winter_att = 0.001607383, 0.001592859, 0.001578507, 0.001564272, 
    0.001550108, 0.001536128, 0.001522303, 0.001508546, 0.001494913, 
    0.001481445, 0.00146814, 0.001454887, 0.001442814, 0.001430635, 
    0.001417771, 0.00140501, 0.001392364, 0.001379818, 0.00136744, 
    0.001355149, 0.001342926, 0.001330855, 0.00131888, 0.001307014, 
    0.001295296, 0.001284641, 0.001273429, 0.001261346, 0.001249344, 
    0.001237461, 0.001225712, 0.00121412, 0.001202659, 0.001191301, 
    0.001179977, 0.001168767, 0.001157738, 0.001146794, 0.001136582, 
    0.001126777, 0.001116944, 0.001107137, 0.001097434, 0.00108785, 
    0.001078303, 0.001068898, 0.001059557, 0.001050264, 0.001041046, 
    0.001031915, 0.00102291, 0.001013978, 0.00100508, 0.0009962146, 
    0.0009874334, 0.0009787752, 0.0009701877, 0.0009616311, 0.0009531566, 
    0.0009448025, 0.0009365171, 0.0009282609, 0.0009200844, 0.0009119752, 
    0.0009038938, 0.0008961607, 0.0008884494, 0.0008805994, 0.0008728202, 
    0.0008650965, 0.0008574362, 0.0008498496, 0.0008423221, 0.0008348507, 
    0.0008274437, 0.0008200947, 0.0008128057, 0.0008055838, 0.000798549, 
    0.0007915217, 0.0007844456, 0.0007774302, 0.0007704763, 0.0007635774, 
    0.0007567304, 0.0007499439, 0.0007432163, 0.0007365434, 0.000729925, 
    0.0007233606, 0.0007168499, 0.0007103977, 0.0007044662, 0.0006984773, 
    0.0006921904, 0.0006859545, 0.0006797666, 0.0006736303, 0.0006675404, 
    0.0006615074, 0.000655523, 0.0006495862, 0.0006436984, 0.0006378518, 
    0.0006320511, 0.0006267044, 0.0006213057, 0.0006156423, 0.0006100275, 
    0.0006044609, 0.0005989376, 0.0005934584, 0.0005880218, 0.0005826289, 
    0.0005772783, 0.0005719756, 0.0005667136, 0.0005614908, 0.0005561549, 
    0.0005508883, 0.0005457782, 0.0005407089, 0.0005356813, 0.0005307036, 
    0.0005257649, 0.0005208636, 0.0005160021, 0.0005111764, 0.0005063912, 
    0.00050165, 0.0004969477, 0.0004922805, 0.0004882349, 0.000484114, 
    0.0004795954, 0.0004751123, 0.0004706671, 0.0004662559, 0.0004618787, 
    0.0004575351, 0.0004532252, 0.0004489534, 0.0004447186, 0.0004405122, 
    0.0004363446, 0.000432113, 0.0004279009, 0.0004237769, 0.0004196843, 
    0.0004156299, 0.0004116103, 0.0004076191, 0.0004036598, 0.0003997372, 
    0.0003958451, 0.0003919857, 0.0003881613, 0.0003843729, 0.0003811398, 
    0.0003778149, 0.0003741129, 0.0003704439, 0.0003668127, 0.0003632029, 
    0.0003596257, 0.0003560767, 0.0003525555, 0.000349068, 0.0003456106, 
    0.0003421785, 0.0003387726, 0.0003353965, 0.0003316358, 0.000328007, 
    0.0003247284, 0.0003214839, 0.0003182675, 0.0003150766, 0.0003119102, 
    0.0003087691, 0.000305657, 0.0003025689, 0.000299506, 0.0002964718, 
    0.0002934614, 0.0002914104, 0.0002891491, 0.0002861862, 0.0002832469, 
    0.0002803323, 0.0002774458, 0.0002745827, 0.0002717394, 0.0002689205, 
    0.0002661294, 0.0002633615, 0.000260613, 0.0002578886, 0.0002548928, 
    0.0002519993, 0.0002493613, 0.000246747, 0.0002441554, 0.0002415829, 
    0.000239034, 0.000236503, 0.0002339966, 0.0002315114, 0.0002290461, 
    0.0002266077, 0.0002241868, 0.0002217857, 0.0002189215, 0.0002159884, 
    0.0002133008, 0.0002106435, 0.0002080221, 0.0002054299, 0.0002028699, 
    0.000200339, 0.0001978356, 0.0001953667, 0.0001929323, 0.0001905185, 
    0.0001881332, 0.0001862143, 0.0001839688, 0.0001812397, 0.0001785567, 
    0.000175916, 0.0001733176, 0.0001707662, 0.0001682558, 0.000165784, 
    0.0001633543, 0.0001609666, 0.0001586162, 0.0001563042, 0.0001541704, 
    0.0001520417, 0.0001498421, 0.0001476808, 0.000145552, 0.0001434577, 
    0.0001413957, 0.0001393683, 0.0001373685, 0.0001353997, 0.0001334722, 
    0.0001315722, 0.0001296985, 0.0001278534, 0.0001260787, 0.0001243275, 
    0.0001225645, 0.0001208285, 0.0001191245, 0.0001174454, 0.0001157957, 
    0.0001141653, 0.0001125619, 0.0001109856, 0.0001094307, 0.0001079005, 
    0.0001063995, 0.0001050579, 0.0001037009, 0.0001022613, 0.0001008464, 
    9.945155e-05, 9.807782e-05, 9.672411e-05, 9.539149e-05, 9.407885e-05, 
    9.278725e-05, 9.15156e-05, 9.026494e-05, 8.90297e-05, 8.784357e-05, 
    8.669242e-05, 8.555076e-05, 8.443e-05, 8.332456e-05, 8.223201e-05, 
    8.11558e-05, 8.009591e-05, 7.905009e-05, 7.801885e-05, 7.700254e-05, 
    7.600011e-05, 7.501202e-05, 7.403769e-05, 7.307689e-05, 7.212991e-05, 
    7.119587e-05, 7.027452e-05, 6.93662e-05, 6.847089e-05, 6.758768e-05, 
    6.671722e-05, 6.585919e-05, 6.501211e-05, 6.417651e-05, 6.335352e-05, 
    6.254169e-05, 6.174097e-05, 6.095104e-05, 6.017179e-05, 5.94034e-05, 
    5.864601e-05, 5.789903e-05, 5.716223e-05, 5.64355e-05, 5.571893e-05, 
    5.501197e-05, 5.431391e-05, 5.362567e-05, 5.294746e-05, 5.227804e-05, 
    5.161806e-05, 5.096676e-05, 5.032454e-05, 4.9691e-05, 4.906608e-05, 
    4.844947e-05, 4.78415e-05, 4.724137e-05, 4.664952e-05, 4.60655e-05, 
    4.548931e-05, 4.492105e-05, 4.43605e-05, 4.400405e-05, 4.360987e-05, 
    4.307407e-05, 4.254516e-05, 4.202304e-05, 4.150782e-05, 4.099938e-05, 
    4.049736e-05, 4.000223e-05, 3.951387e-05, 3.903105e-05, 3.855485e-05, 
    3.808487e-05, 3.762061e-05, 3.716233e-05, 3.671057e-05, 3.626466e-05, 
    3.582402e-05, 3.538945e-05, 3.496039e-05, 3.45366e-05, 3.411841e-05, 
    3.370583e-05, 3.329841e-05, 3.289579e-05, 3.24989e-05, 3.210748e-05, 
    3.172088e-05, 3.133863e-05, 3.09613e-05, 3.05891e-05, 3.022126e-05, 
    2.985832e-05, 2.950052e-05, 2.914662e-05, 2.879728e-05, 2.845262e-05, 
    2.811286e-05, 2.777688e-05, 2.744467e-05, 2.71177e-05, 2.679495e-05, 
    2.647541e-05, 2.615997e-05, 2.584886e-05, 2.554175e-05, 2.523817e-05, 
    2.493824e-05, 2.46423e-05, 2.435034e-05, 2.406237e-05, 2.377749e-05, 
    2.349591e-05, 2.321831e-05, 2.294424e-05, 2.267337e-05, 2.240613e-05, 
    2.214197e-05, 2.188156e-05, 2.162457e-05, 2.136998e-05, 2.111868e-05, 
    2.087091e-05, 2.062632e-05, 2.038446e-05, 2.014545e-05, 2.000073e-05, 
    1.983643e-05, 1.960492e-05, 1.937626e-05, 1.914988e-05, 1.892689e-05, 
    1.870642e-05, 1.84881e-05, 1.827297e-05, 1.806101e-05, 1.785133e-05, 
    1.764414e-05, 1.743968e-05, 1.723761e-05, 1.703793e-05, 1.684063e-05, 
    1.664571e-05, 1.645362e-05, 1.626381e-05, 1.607605e-05, 1.589066e-05, 
    1.570721e-05, 1.552625e-05, 1.534757e-05, 1.517092e-05, 1.499666e-05, 
    1.482477e-05, 1.465482e-05, 1.448646e-05, 1.432013e-05, 1.415664e-05, 
    1.399497e-05, 1.383454e-05, 1.367661e-05, 1.352049e-05, 1.336561e-05, 
    1.321368e-05, 1.306346e-05, 1.291415e-05, 1.276686e-05, 1.262196e-05, 
    1.247898e-05, 1.233715e-05, 1.219701e-05, 1.205879e-05, 1.192215e-05, 
    1.178666e-05, 1.165331e-05, 1.152178e-05, 1.139149e-05, 1.126279e-05, 
    1.113567e-05, 1.101058e-05, 1.088653e-05, 1.076337e-05, 1.064225e-05, 
    1.052261e-05, 1.04042e-05, 1.028784e-05, 1.017249e-05, 1.005805e-05, 
    9.945193e-06, 9.83392e-06, 9.723781e-06, 9.614881e-06, 9.507116e-06, 
    9.401044e-06 ;

 summer_att = 0.001607383, 0.001592859, 0.001578507, 0.001564272, 
    0.001550108, 0.001536128, 0.001522303, 0.001508546, 0.001494913, 
    0.001481445, 0.00146814, 0.001454887, 0.001442814, 0.001430635, 
    0.001417771, 0.00140501, 0.001392364, 0.001379818, 0.00136744, 
    0.001355149, 0.001342926, 0.001330855, 0.00131888, 0.001307014, 
    0.001295296, 0.001284641, 0.001273429, 0.001261346, 0.001249344, 
    0.001237461, 0.001225712, 0.00121412, 0.001202659, 0.001191301, 
    0.001179977, 0.001168767, 0.001157738, 0.001146794, 0.001136582, 
    0.001126777, 0.001116944, 0.001107137, 0.001097434, 0.00108785, 
    0.001078303, 0.001068898, 0.001059557, 0.001050264, 0.001041046, 
    0.001031915, 0.00102291, 0.001013978, 0.00100508, 0.0009962146, 
    0.0009874334, 0.0009787752, 0.0009701877, 0.0009616311, 0.0009531566, 
    0.0009448025, 0.0009365171, 0.0009282609, 0.0009200844, 0.0009119752, 
    0.0009038938, 0.0008961607, 0.0008884494, 0.0008805994, 0.0008728202, 
    0.0008650965, 0.0008574362, 0.0008498496, 0.0008423221, 0.0008348507, 
    0.0008274437, 0.0008200947, 0.0008128057, 0.0008055838, 0.000798549, 
    0.0007915217, 0.0007844456, 0.0007774302, 0.0007704763, 0.0007635774, 
    0.0007567304, 0.0007499439, 0.0007432163, 0.0007365434, 0.000729925, 
    0.0007233606, 0.0007168499, 0.0007103977, 0.0007044662, 0.0006984773, 
    0.0006921904, 0.0006859545, 0.0006797666, 0.0006736303, 0.0006675404, 
    0.0006615074, 0.000655523, 0.0006495862, 0.0006436984, 0.0006378518, 
    0.0006320511, 0.0006267044, 0.0006213057, 0.0006156423, 0.0006100275, 
    0.0006044609, 0.0005989376, 0.0005934584, 0.0005880218, 0.0005826289, 
    0.0005772783, 0.0005719756, 0.0005667136, 0.0005614908, 0.0005561549, 
    0.0005508883, 0.0005457782, 0.0005407089, 0.0005356813, 0.0005307036, 
    0.0005257649, 0.0005208636, 0.0005160021, 0.0005111764, 0.0005063912, 
    0.00050165, 0.0004969477, 0.0004922805, 0.0004882349, 0.000484114, 
    0.0004795954, 0.0004751123, 0.0004706671, 0.0004662559, 0.0004618787, 
    0.0004575351, 0.0004532252, 0.0004489534, 0.0004447186, 0.0004405122, 
    0.0004363446, 0.000432113, 0.0004279009, 0.0004237769, 0.0004196843, 
    0.0004156299, 0.0004116103, 0.0004076191, 0.0004036598, 0.0003997372, 
    0.0003958451, 0.0003919857, 0.0003881613, 0.0003843729, 0.0003811398, 
    0.0003778149, 0.0003741129, 0.0003704439, 0.0003668127, 0.0003632029, 
    0.0003596257, 0.0003560767, 0.0003525555, 0.000349068, 0.0003456106, 
    0.0003421785, 0.0003387726, 0.0003353965, 0.0003316358, 0.000328007, 
    0.0003247284, 0.0003214839, 0.0003182675, 0.0003150766, 0.0003119102, 
    0.0003087691, 0.000305657, 0.0003025689, 0.000299506, 0.0002964718, 
    0.0002934614, 0.0002914104, 0.0002891491, 0.0002861862, 0.0002832469, 
    0.0002803323, 0.0002774458, 0.0002745827, 0.0002717394, 0.0002689205, 
    0.0002661294, 0.0002633615, 0.000260613, 0.0002578886, 0.0002548928, 
    0.0002519993, 0.0002493613, 0.000246747, 0.0002441554, 0.0002415829, 
    0.000239034, 0.000236503, 0.0002339966, 0.0002315114, 0.0002290461, 
    0.0002266077, 0.0002241868, 0.0002217857, 0.0002189215, 0.0002159884, 
    0.0002133008, 0.0002106435, 0.0002080221, 0.0002054299, 0.0002028699, 
    0.000200339, 0.0001978356, 0.0001953667, 0.0001929323, 0.0001905185, 
    0.0001881332, 0.0001862143, 0.0001839688, 0.0001812397, 0.0001785567, 
    0.000175916, 0.0001733176, 0.0001707662, 0.0001682558, 0.000165784, 
    0.0001633543, 0.0001609666, 0.0001586162, 0.0001563042, 0.0001541704, 
    0.0001520417, 0.0001498421, 0.0001476808, 0.000145552, 0.0001434577, 
    0.0001413957, 0.0001393683, 0.0001373685, 0.0001353997, 0.0001334722, 
    0.0001315722, 0.0001296985, 0.0001278534, 0.0001260787, 0.0001243275, 
    0.0001225645, 0.0001208285, 0.0001191245, 0.0001174454, 0.0001157957, 
    0.0001141653, 0.0001125619, 0.0001109856, 0.0001094307, 0.0001079005, 
    0.0001063995, 0.0001050579, 0.0001037009, 0.0001022613, 0.0001008464, 
    9.945155e-05, 9.807782e-05, 9.672411e-05, 9.539149e-05, 9.407885e-05, 
    9.278725e-05, 9.15156e-05, 9.026494e-05, 8.90297e-05, 8.784357e-05, 
    8.669242e-05, 8.555076e-05, 8.443e-05, 8.332456e-05, 8.223201e-05, 
    8.11558e-05, 8.009591e-05, 7.905009e-05, 7.801885e-05, 7.700254e-05, 
    7.600011e-05, 7.501202e-05, 7.403769e-05, 7.307689e-05, 7.212991e-05, 
    7.119587e-05, 7.027452e-05, 6.93662e-05, 6.847089e-05, 6.758768e-05, 
    6.671722e-05, 6.585919e-05, 6.501211e-05, 6.417651e-05, 6.335352e-05, 
    6.254169e-05, 6.174097e-05, 6.095104e-05, 6.017179e-05, 5.94034e-05, 
    5.864601e-05, 5.789903e-05, 5.716223e-05, 5.64355e-05, 5.571893e-05, 
    5.501197e-05, 5.431391e-05, 5.362567e-05, 5.294746e-05, 5.227804e-05, 
    5.161806e-05, 5.096676e-05, 5.032454e-05, 4.9691e-05, 4.906608e-05, 
    4.844947e-05, 4.78415e-05, 4.724137e-05, 4.664952e-05, 4.60655e-05, 
    4.548931e-05, 4.492105e-05, 4.43605e-05, 4.400405e-05, 4.360987e-05, 
    4.307407e-05, 4.254516e-05, 4.202304e-05, 4.150782e-05, 4.099938e-05, 
    4.049736e-05, 4.000223e-05, 3.951387e-05, 3.903105e-05, 3.855485e-05, 
    3.808487e-05, 3.762061e-05, 3.716233e-05, 3.671057e-05, 3.626466e-05, 
    3.582402e-05, 3.538945e-05, 3.496039e-05, 3.45366e-05, 3.411841e-05, 
    3.370583e-05, 3.329841e-05, 3.289579e-05, 3.24989e-05, 3.210748e-05, 
    3.172088e-05, 3.133863e-05, 3.09613e-05, 3.05891e-05, 3.022126e-05, 
    2.985832e-05, 2.950052e-05, 2.914662e-05, 2.879728e-05, 2.845262e-05, 
    2.811286e-05, 2.777688e-05, 2.744467e-05, 2.71177e-05, 2.679495e-05, 
    2.647541e-05, 2.615997e-05, 2.584886e-05, 2.554175e-05, 2.523817e-05, 
    2.493824e-05, 2.46423e-05, 2.435034e-05, 2.406237e-05, 2.377749e-05, 
    2.349591e-05, 2.321831e-05, 2.294424e-05, 2.267337e-05, 2.240613e-05, 
    2.214197e-05, 2.188156e-05, 2.162457e-05, 2.136998e-05, 2.111868e-05, 
    2.087091e-05, 2.062632e-05, 2.038446e-05, 2.014545e-05, 2.000073e-05, 
    1.983643e-05, 1.960492e-05, 1.937626e-05, 1.914988e-05, 1.892689e-05, 
    1.870642e-05, 1.84881e-05, 1.827297e-05, 1.806101e-05, 1.785133e-05, 
    1.764414e-05, 1.743968e-05, 1.723761e-05, 1.703793e-05, 1.684063e-05, 
    1.664571e-05, 1.645362e-05, 1.626381e-05, 1.607605e-05, 1.589066e-05, 
    1.570721e-05, 1.552625e-05, 1.534757e-05, 1.517092e-05, 1.499666e-05, 
    1.482477e-05, 1.465482e-05, 1.448646e-05, 1.432013e-05, 1.415664e-05, 
    1.399497e-05, 1.383454e-05, 1.367661e-05, 1.352049e-05, 1.336561e-05, 
    1.321368e-05, 1.306346e-05, 1.291415e-05, 1.276686e-05, 1.262196e-05, 
    1.247898e-05, 1.233715e-05, 1.219701e-05, 1.205879e-05, 1.192215e-05, 
    1.178666e-05, 1.165331e-05, 1.152178e-05, 1.139149e-05, 1.126279e-05, 
    1.113567e-05, 1.101058e-05, 1.088653e-05, 1.076337e-05, 1.064225e-05, 
    1.052261e-05, 1.04042e-05, 1.028784e-05, 1.017249e-05, 1.005805e-05, 
    9.945193e-06, 9.83392e-06, 9.723781e-06, 9.614881e-06, 9.507116e-06, 
    9.401044e-06 ;

 winter_opd = 0.001011995, 0.002016863, 0.003014666, 0.004005432, 
    0.004989162, 0.005965924, 0.006935776, 0.007898716, 0.00885478, 
    0.009804032, 0.01074653, 0.01168227, 0.01261198, 0.01353554, 0.01445248, 
    0.01536282, 0.01626659, 0.01716384, 0.01805462, 0.01893895, 0.01981685, 
    0.02068838, 0.02155356, 0.02241243, 0.02326505, 0.02411209, 0.02495315, 
    0.02578763, 0.02661553, 0.02743691, 0.02825182, 0.02906032, 0.02986248, 
    0.03065833, 0.03144786, 0.03223111, 0.03300819, 0.0337791, 0.03454432, 
    0.03530409, 0.03605837, 0.03680714, 0.03755046, 0.03828837, 0.03902088, 
    0.03974806, 0.04046993, 0.04118649, 0.04189777, 0.04260381, 0.04330467, 
    0.04400038, 0.04469093, 0.04537633, 0.04605662, 0.04673186, 0.04740206, 
    0.04806724, 0.04872743, 0.04938269, 0.05003305, 0.05067851, 0.0513191, 
    0.05195486, 0.05258578, 0.05321208, 0.05383377, 0.05445072, 0.05506298, 
    0.05567055, 0.05627347, 0.05687177, 0.05746548, 0.05805461, 0.05863921, 
    0.05921927, 0.05979485, 0.06036597, 0.06093274, 0.06149516, 0.06205316, 
    0.0626068, 0.06315608, 0.06370103, 0.06424169, 0.06477807, 0.06531021, 
    0.06583812, 0.06636184, 0.0668814, 0.0673968, 0.06790809, 0.06841562, 
    0.06891935, 0.06941904, 0.06991472, 0.07040641, 0.07089414, 0.07137793, 
    0.07185781, 0.0723338, 0.07280592, 0.0732742, 0.07373866, 0.07419932, 
    0.0746565, 0.07511016, 0.07556008, 0.0760063, 0.07644884, 0.07688772, 
    0.07732296, 0.07775459, 0.07818262, 0.07860709, 0.07902801, 0.07944541, 
    0.0798593, 0.0802696, 0.08067634, 0.08107963, 0.0814795, 0.08187596, 
    0.08226905, 0.08265878, 0.08304518, 0.08342826, 0.08380806, 0.08418458, 
    0.08455785, 0.0849279, 0.08529474, 0.08565883, 0.08602011, 0.08637828, 
    0.08673334, 0.08708534, 0.08743428, 0.08778018, 0.08812306, 0.08846295, 
    0.08879986, 0.08913381, 0.08946482, 0.08979292, 0.09011804, 0.09044021, 
    0.09075948, 0.09107586, 0.09138938, 0.09170006, 0.09200792, 0.09231297, 
    0.09261525, 0.09291475, 0.09321152, 0.09350556, 0.0937969, 0.09408596, 
    0.09437267, 0.09465672, 0.09493814, 0.09521697, 0.0954932, 0.09576686, 
    0.09603797, 0.09630654, 0.09657259, 0.09683615, 0.09709723, 0.09735584, 
    0.09761201, 0.09786543, 0.09811621, 0.0983646, 0.09861063, 0.09885432, 
    0.09909569, 0.09933473, 0.09957149, 0.09980597, 0.1000382, 0.1002682, 
    0.1004959, 0.1007214, 0.1009455, 0.1011679, 0.1013882, 0.1016062, 
    0.1018222, 0.1020359, 0.1022476, 0.1024572, 0.1026647, 0.1028701, 
    0.1030734, 0.1032748, 0.103474, 0.1036711, 0.103866, 0.1040589, 
    0.1042499, 0.1044389, 0.1046261, 0.1048113, 0.1049946, 0.105176, 
    0.1053556, 0.1055334, 0.1057093, 0.1058833, 0.1060556, 0.1062257, 
    0.1063936, 0.1065595, 0.1067233, 0.1068852, 0.1070451, 0.107203, 
    0.107359, 0.1075132, 0.1076654, 0.1078158, 0.1079644, 0.1081111, 
    0.1082564, 0.1084, 0.1085415, 0.1086809, 0.1088183, 0.1089537, 0.1090871, 
    0.1092187, 0.1093483, 0.1094761, 0.109602, 0.1097261, 0.1098484, 
    0.1099691, 0.1100882, 0.1102056, 0.1103213, 0.1104353, 0.1105478, 
    0.1106586, 0.1107679, 0.1108756, 0.1109819, 0.1110866, 0.1111898, 
    0.1112916, 0.111392, 0.111491, 0.1115887, 0.111685, 0.1117799, 0.1118735, 
    0.1119658, 0.1120569, 0.1121466, 0.1122352, 0.1123225, 0.1124086, 
    0.1124935, 0.1125772, 0.1126599, 0.1127415, 0.112822, 0.1129014, 
    0.1129798, 0.113057, 0.1131332, 0.1132084, 0.1132826, 0.1133557, 
    0.1134278, 0.113499, 0.1135692, 0.1136385, 0.1137069, 0.1137743, 
    0.113841, 0.1139067, 0.1139716, 0.1140357, 0.1140989, 0.1141613, 
    0.1142229, 0.1142837, 0.1143437, 0.114403, 0.1144615, 0.1145192, 
    0.1145762, 0.1146324, 0.114688, 0.1147428, 0.1147969, 0.1148504, 
    0.1149031, 0.1149552, 0.1150066, 0.1150574, 0.1151075, 0.1151569, 
    0.1152058, 0.115254, 0.1153016, 0.1153486, 0.1153951, 0.1154409, 
    0.1154861, 0.1155308, 0.1155749, 0.1156185, 0.1156615, 0.115704, 
    0.1157459, 0.1157873, 0.1158282, 0.1158686, 0.1159084, 0.1159478, 
    0.1159867, 0.1160251, 0.116063, 0.1161004, 0.1161374, 0.1161739, 0.11621, 
    0.1162456, 0.1162807, 0.1163156, 0.1163502, 0.1163844, 0.1164181, 
    0.1164514, 0.1164844, 0.1165169, 0.116549, 0.1165807, 0.1166121, 
    0.1166431, 0.1166737, 0.1167039, 0.1167337, 0.1167632, 0.1167924, 
    0.1168211, 0.1168496, 0.1168777, 0.1169054, 0.1169328, 0.1169599, 
    0.1169867, 0.1170131, 0.1170392, 0.117065, 0.1170905, 0.1171157, 
    0.1171406, 0.1171652, 0.1171895, 0.1172135, 0.1172372, 0.1172607, 
    0.1172838, 0.1173067, 0.1173293, 0.1173516, 0.1173737, 0.1173955, 
    0.1174171, 0.1174384, 0.1174594, 0.1174802, 0.1175007, 0.117521, 
    0.1175411, 0.1175609, 0.1175805, 0.1175999, 0.117619, 0.1176379, 
    0.1176566, 0.117675, 0.1176933, 0.1177113, 0.1177291, 0.1177467, 
    0.1177641, 0.1177813, 0.1177983, 0.1178151, 0.1178317, 0.1178481, 
    0.1178643, 0.1178804, 0.1178963, 0.117912, 0.1179276, 0.117943, 
    0.1179583, 0.1179733, 0.1179882, 0.1180029, 0.1180175, 0.1180318, 
    0.118046, 0.1180601, 0.118074, 0.1180877, 0.1181012, 0.1181146, 
    0.1181279, 0.118141, 0.1181539, 0.1181667, 0.1181794, 0.1181919, 
    0.1182042, 0.1182164, 0.1182285, 0.1182404, 0.1182522, 0.1182639, 
    0.1182754, 0.1182868, 0.1182981, 0.1183092, 0.1183203, 0.1183311, 
    0.1183419, 0.1183525, 0.1183631, 0.1183735, 0.1183838, 0.1183939, 
    0.118404, 0.1184139, 0.1184237, 0.1184334, 0.118443, 0.1184525, 
    0.1184619, 0.1184712, 0.1184804, 0.1184894, 0.1184984, 0.1185073, 
    0.1185161, 0.1185247, 0.1185333, 0.1185418, 0.1185501, 0.1185584, 
    0.1185666, 0.1185747, 0.1185827, 0.1185907, 0.1185985, 0.1186062, 
    0.1186139, 0.1186215, 0.118629 ;

 winter_tsq = 0.997978, 0.9959744, 0.9939888, 0.9920211, 0.9900713, 0.988139, 
    0.9862242, 0.9843267, 0.9824463, 0.980583, 0.9787363, 0.9769063, 
    0.9750915, 0.9732921, 0.9715088, 0.9697416, 0.9679903, 0.9662548, 
    0.9645349, 0.9628305, 0.9611415, 0.9594676, 0.9578088, 0.956165, 
    0.9545358, 0.9529201, 0.9513186, 0.9497322, 0.9481609, 0.9466046, 
    0.9450631, 0.9435361, 0.9420236, 0.9405254, 0.9390414, 0.9375715, 
    0.9361156, 0.9346733, 0.9332439, 0.9318269, 0.9304223, 0.9290299, 
    0.9276499, 0.9262818, 0.9249258, 0.9235816, 0.9222491, 0.9209284, 
    0.9196193, 0.9183216, 0.9170353, 0.9157602, 0.9144963, 0.9132435, 
    0.9120018, 0.9107711, 0.9095511, 0.9083418, 0.9071433, 0.9059553, 
    0.9047776, 0.9036103, 0.9024534, 0.9013067, 0.9001701, 0.8990432, 
    0.8979261, 0.8968188, 0.8957213, 0.8946335, 0.8935554, 0.8924868, 
    0.8914277, 0.8903779, 0.8893375, 0.8883064, 0.8872844, 0.8862715, 
    0.8852674, 0.8842722, 0.8832859, 0.8823084, 0.8813397, 0.8803796, 
    0.8794281, 0.8784853, 0.8775508, 0.8766248, 0.875707, 0.8747975, 
    0.8738962, 0.8730031, 0.8721174, 0.8712392, 0.870369, 0.8695065, 
    0.8686519, 0.8678049, 0.8669657, 0.866134, 0.8653099, 0.8644932, 
    0.8636839, 0.862882, 0.8620874, 0.8612995, 0.8605184, 0.8597444, 
    0.8589774, 0.8582175, 0.8574646, 0.8567185, 0.8559792, 0.8552468, 
    0.854521, 0.853802, 0.8530895, 0.8523836, 0.8516845, 0.8509919, 
    0.8503058, 0.849626, 0.8489526, 0.8482854, 0.8476245, 0.8469697, 
    0.846321, 0.8456784, 0.8450418, 0.8444112, 0.8437865, 0.8431677, 
    0.8425539, 0.8419453, 0.8413424, 0.8407452, 0.8401535, 0.8395674, 
    0.8389868, 0.8384116, 0.8378419, 0.8372775, 0.8367185, 0.8361647, 
    0.8356162, 0.8350731, 0.8345351, 0.8340024, 0.8334749, 0.8329524, 
    0.832435, 0.8319227, 0.8314152, 0.8309128, 0.8304152, 0.8299224, 
    0.8294345, 0.8289514, 0.8284723, 0.8279973, 0.8275271, 0.8270615, 
    0.8266004, 0.8261438, 0.8256918, 0.8252442, 0.824801, 0.8243623, 
    0.8239279, 0.8234978, 0.823072, 0.8226504, 0.8222335, 0.8218212, 
    0.821413, 0.821009, 0.8206089, 0.8202129, 0.8198208, 0.8194327, 
    0.8190485, 0.8186682, 0.8182918, 0.8179191, 0.8175502, 0.817184, 
    0.8168206, 0.8164608, 0.8161048, 0.8157524, 0.8154038, 0.8150586, 
    0.8147171, 0.8143791, 0.8140446, 0.8137136, 0.813386, 0.8130618, 
    0.8127415, 0.8124248, 0.8121113, 0.8118012, 0.8114944, 0.8111907, 
    0.8108903, 0.810593, 0.8102989, 0.8100079, 0.80972, 0.8094352, 0.8091534, 
    0.8088747, 0.8085995, 0.8083281, 0.80806, 0.8077953, 0.8075338, 
    0.8072756, 0.8070207, 0.8067688, 0.8065202, 0.8062747, 0.8060322, 
    0.8057927, 0.8055563, 0.8053222, 0.805091, 0.8048633, 0.8046389, 
    0.8044177, 0.8041999, 0.8039853, 0.8037738, 0.8035655, 0.8033602, 
    0.8031579, 0.8029585, 0.8027621, 0.8025683, 0.8023772, 0.8021889, 
    0.8020033, 0.8018204, 0.8016401, 0.8014624, 0.8012872, 0.8011146, 
    0.8009444, 0.8007767, 0.8006113, 0.8004483, 0.8002877, 0.8001292, 
    0.799973, 0.7998189, 0.7996671, 0.7995173, 0.7993698, 0.7992242, 
    0.7990807, 0.7989393, 0.7987998, 0.7986623, 0.7985266, 0.798393, 
    0.7982609, 0.7981306, 0.7980021, 0.7978753, 0.7977504, 0.7976271, 
    0.7975056, 0.7973857, 0.7972674, 0.7971509, 0.7970358, 0.7969224, 
    0.7968105, 0.7967001, 0.7965912, 0.7964836, 0.7963775, 0.7962728, 
    0.7961695, 0.7960675, 0.7959668, 0.7958675, 0.7957695, 0.7956727, 
    0.7955772, 0.7954829, 0.7953898, 0.795298, 0.7952074, 0.7951179, 
    0.7950296, 0.7949424, 0.7948564, 0.7947714, 0.7946876, 0.7946048, 
    0.7945231, 0.7944425, 0.7943628, 0.7942842, 0.7942067, 0.79413, 
    0.7940544, 0.7939798, 0.7939061, 0.7938333, 0.7937615, 0.7936906, 
    0.7936205, 0.7935514, 0.7934831, 0.7934158, 0.7933492, 0.7932835, 
    0.7932187, 0.7931546, 0.7930914, 0.793029, 0.7929673, 0.7929064, 
    0.7928463, 0.7927869, 0.7927282, 0.7926704, 0.7926132, 0.7925568, 
    0.792501, 0.7924457, 0.7923909, 0.7923368, 0.7922833, 0.7922305, 
    0.7921783, 0.7921268, 0.7920759, 0.7920256, 0.791976, 0.7919269, 
    0.7918785, 0.7918307, 0.7917833, 0.7917367, 0.7916905, 0.7916449, 
    0.7915999, 0.7915555, 0.7915115, 0.7914681, 0.7914252, 0.7913829, 
    0.7913411, 0.7912997, 0.7912589, 0.7912185, 0.7911786, 0.7911392, 
    0.7911004, 0.7910619, 0.791024, 0.7909864, 0.7909493, 0.7909127, 
    0.7908766, 0.7908408, 0.7908055, 0.7907705, 0.7907361, 0.790702, 
    0.7906683, 0.790635, 0.7906021, 0.7905697, 0.7905376, 0.7905059, 
    0.7904745, 0.7904435, 0.790413, 0.7903827, 0.7903528, 0.7903233, 
    0.7902941, 0.7902653, 0.7902368, 0.7902086, 0.7901808, 0.7901533, 
    0.7901261, 0.7900993, 0.7900727, 0.7900465, 0.7900206, 0.789995, 
    0.7899697, 0.7899445, 0.7899196, 0.789895, 0.7898706, 0.7898466, 
    0.7898228, 0.7897993, 0.789776, 0.7897531, 0.7897304, 0.789708, 
    0.7896858, 0.7896639, 0.7896422, 0.7896208, 0.7895997, 0.7895787, 
    0.7895581, 0.7895376, 0.7895174, 0.7894974, 0.7894777, 0.7894582, 
    0.7894389, 0.7894198, 0.789401, 0.7893823, 0.7893639, 0.7893457, 
    0.7893277, 0.7893099, 0.7892923, 0.789275, 0.7892578, 0.7892408, 
    0.789224, 0.7892074, 0.789191, 0.7891747, 0.7891587, 0.7891428, 
    0.7891272, 0.7891117, 0.7890964, 0.7890812, 0.7890662, 0.7890514, 
    0.7890368, 0.7890223, 0.789008, 0.7889938, 0.7889798, 0.7889659, 
    0.7889523, 0.7889388, 0.7889254, 0.7889122, 0.7888991, 0.7888862, 
    0.7888734, 0.7888607, 0.7888482, 0.7888359, 0.7888237, 0.7888116, 
    0.7887996, 0.7887878 ;

 summer_opd = 0.001011995, 0.002016863, 0.003014666, 0.004005432, 
    0.004989162, 0.005965924, 0.006935776, 0.007898716, 0.00885478, 
    0.009804032, 0.01074653, 0.01168227, 0.01261198, 0.01353554, 0.01445248, 
    0.01536282, 0.01626659, 0.01716384, 0.01805462, 0.01893895, 0.01981685, 
    0.02068838, 0.02155356, 0.02241243, 0.02326505, 0.02411209, 0.02495315, 
    0.02578763, 0.02661553, 0.02743691, 0.02825182, 0.02906032, 0.02986248, 
    0.03065833, 0.03144786, 0.03223111, 0.03300819, 0.0337791, 0.03454432, 
    0.03530409, 0.03605837, 0.03680714, 0.03755046, 0.03828837, 0.03902088, 
    0.03974806, 0.04046993, 0.04118649, 0.04189777, 0.04260381, 0.04330467, 
    0.04400038, 0.04469093, 0.04537633, 0.04605662, 0.04673186, 0.04740206, 
    0.04806724, 0.04872743, 0.04938269, 0.05003305, 0.05067851, 0.0513191, 
    0.05195486, 0.05258578, 0.05321208, 0.05383377, 0.05445072, 0.05506298, 
    0.05567055, 0.05627347, 0.05687177, 0.05746548, 0.05805461, 0.05863921, 
    0.05921927, 0.05979485, 0.06036597, 0.06093274, 0.06149516, 0.06205316, 
    0.0626068, 0.06315608, 0.06370103, 0.06424169, 0.06477807, 0.06531021, 
    0.06583812, 0.06636184, 0.0668814, 0.0673968, 0.06790809, 0.06841562, 
    0.06891935, 0.06941904, 0.06991472, 0.07040641, 0.07089414, 0.07137793, 
    0.07185781, 0.0723338, 0.07280592, 0.0732742, 0.07373866, 0.07419932, 
    0.0746565, 0.07511016, 0.07556008, 0.0760063, 0.07644884, 0.07688772, 
    0.07732296, 0.07775459, 0.07818262, 0.07860709, 0.07902801, 0.07944541, 
    0.0798593, 0.0802696, 0.08067634, 0.08107963, 0.0814795, 0.08187596, 
    0.08226905, 0.08265878, 0.08304518, 0.08342826, 0.08380806, 0.08418458, 
    0.08455785, 0.0849279, 0.08529474, 0.08565883, 0.08602011, 0.08637828, 
    0.08673334, 0.08708534, 0.08743428, 0.08778018, 0.08812306, 0.08846295, 
    0.08879986, 0.08913381, 0.08946482, 0.08979292, 0.09011804, 0.09044021, 
    0.09075948, 0.09107586, 0.09138938, 0.09170006, 0.09200792, 0.09231297, 
    0.09261525, 0.09291475, 0.09321152, 0.09350556, 0.0937969, 0.09408596, 
    0.09437267, 0.09465672, 0.09493814, 0.09521697, 0.0954932, 0.09576686, 
    0.09603797, 0.09630654, 0.09657259, 0.09683615, 0.09709723, 0.09735584, 
    0.09761201, 0.09786543, 0.09811621, 0.0983646, 0.09861063, 0.09885432, 
    0.09909569, 0.09933473, 0.09957149, 0.09980597, 0.1000382, 0.1002682, 
    0.1004959, 0.1007214, 0.1009455, 0.1011679, 0.1013882, 0.1016062, 
    0.1018222, 0.1020359, 0.1022476, 0.1024572, 0.1026647, 0.1028701, 
    0.1030734, 0.1032748, 0.103474, 0.1036711, 0.103866, 0.1040589, 
    0.1042499, 0.1044389, 0.1046261, 0.1048113, 0.1049946, 0.105176, 
    0.1053556, 0.1055334, 0.1057093, 0.1058833, 0.1060556, 0.1062257, 
    0.1063936, 0.1065595, 0.1067233, 0.1068852, 0.1070451, 0.107203, 
    0.107359, 0.1075132, 0.1076654, 0.1078158, 0.1079644, 0.1081111, 
    0.1082564, 0.1084, 0.1085415, 0.1086809, 0.1088183, 0.1089537, 0.1090871, 
    0.1092187, 0.1093483, 0.1094761, 0.109602, 0.1097261, 0.1098484, 
    0.1099691, 0.1100882, 0.1102056, 0.1103213, 0.1104353, 0.1105478, 
    0.1106586, 0.1107679, 0.1108756, 0.1109819, 0.1110866, 0.1111898, 
    0.1112916, 0.111392, 0.111491, 0.1115887, 0.111685, 0.1117799, 0.1118735, 
    0.1119658, 0.1120569, 0.1121466, 0.1122352, 0.1123225, 0.1124086, 
    0.1124935, 0.1125772, 0.1126599, 0.1127415, 0.112822, 0.1129014, 
    0.1129798, 0.113057, 0.1131332, 0.1132084, 0.1132826, 0.1133557, 
    0.1134278, 0.113499, 0.1135692, 0.1136385, 0.1137069, 0.1137743, 
    0.113841, 0.1139067, 0.1139716, 0.1140357, 0.1140989, 0.1141613, 
    0.1142229, 0.1142837, 0.1143437, 0.114403, 0.1144615, 0.1145192, 
    0.1145762, 0.1146324, 0.114688, 0.1147428, 0.1147969, 0.1148504, 
    0.1149031, 0.1149552, 0.1150066, 0.1150574, 0.1151075, 0.1151569, 
    0.1152058, 0.115254, 0.1153016, 0.1153486, 0.1153951, 0.1154409, 
    0.1154861, 0.1155308, 0.1155749, 0.1156185, 0.1156615, 0.115704, 
    0.1157459, 0.1157873, 0.1158282, 0.1158686, 0.1159084, 0.1159478, 
    0.1159867, 0.1160251, 0.116063, 0.1161004, 0.1161374, 0.1161739, 0.11621, 
    0.1162456, 0.1162807, 0.1163156, 0.1163502, 0.1163844, 0.1164181, 
    0.1164514, 0.1164844, 0.1165169, 0.116549, 0.1165807, 0.1166121, 
    0.1166431, 0.1166737, 0.1167039, 0.1167337, 0.1167632, 0.1167924, 
    0.1168211, 0.1168496, 0.1168777, 0.1169054, 0.1169328, 0.1169599, 
    0.1169867, 0.1170131, 0.1170392, 0.117065, 0.1170905, 0.1171157, 
    0.1171406, 0.1171652, 0.1171895, 0.1172135, 0.1172372, 0.1172607, 
    0.1172838, 0.1173067, 0.1173293, 0.1173516, 0.1173737, 0.1173955, 
    0.1174171, 0.1174384, 0.1174594, 0.1174802, 0.1175007, 0.117521, 
    0.1175411, 0.1175609, 0.1175805, 0.1175999, 0.117619, 0.1176379, 
    0.1176566, 0.117675, 0.1176933, 0.1177113, 0.1177291, 0.1177467, 
    0.1177641, 0.1177813, 0.1177983, 0.1178151, 0.1178317, 0.1178481, 
    0.1178643, 0.1178804, 0.1178963, 0.117912, 0.1179276, 0.117943, 
    0.1179583, 0.1179733, 0.1179882, 0.1180029, 0.1180175, 0.1180318, 
    0.118046, 0.1180601, 0.118074, 0.1180877, 0.1181012, 0.1181146, 
    0.1181279, 0.118141, 0.1181539, 0.1181667, 0.1181794, 0.1181919, 
    0.1182042, 0.1182164, 0.1182285, 0.1182404, 0.1182522, 0.1182639, 
    0.1182754, 0.1182868, 0.1182981, 0.1183092, 0.1183203, 0.1183311, 
    0.1183419, 0.1183525, 0.1183631, 0.1183735, 0.1183838, 0.1183939, 
    0.118404, 0.1184139, 0.1184237, 0.1184334, 0.118443, 0.1184525, 
    0.1184619, 0.1184712, 0.1184804, 0.1184894, 0.1184984, 0.1185073, 
    0.1185161, 0.1185247, 0.1185333, 0.1185418, 0.1185501, 0.1185584, 
    0.1185666, 0.1185747, 0.1185827, 0.1185907, 0.1185985, 0.1186062, 
    0.1186139, 0.1186215, 0.118629 ;

 summer_tsq = 0.997978, 0.9959744, 0.9939888, 0.9920211, 0.9900713, 0.988139, 
    0.9862242, 0.9843267, 0.9824463, 0.980583, 0.9787363, 0.9769063, 
    0.9750915, 0.9732921, 0.9715088, 0.9697416, 0.9679903, 0.9662548, 
    0.9645349, 0.9628305, 0.9611415, 0.9594676, 0.9578088, 0.956165, 
    0.9545358, 0.9529201, 0.9513186, 0.9497322, 0.9481609, 0.9466046, 
    0.9450631, 0.9435361, 0.9420236, 0.9405254, 0.9390414, 0.9375715, 
    0.9361156, 0.9346733, 0.9332439, 0.9318269, 0.9304223, 0.9290299, 
    0.9276499, 0.9262818, 0.9249258, 0.9235816, 0.9222491, 0.9209284, 
    0.9196193, 0.9183216, 0.9170353, 0.9157602, 0.9144963, 0.9132435, 
    0.9120018, 0.9107711, 0.9095511, 0.9083418, 0.9071433, 0.9059553, 
    0.9047776, 0.9036103, 0.9024534, 0.9013067, 0.9001701, 0.8990432, 
    0.8979261, 0.8968188, 0.8957213, 0.8946335, 0.8935554, 0.8924868, 
    0.8914277, 0.8903779, 0.8893375, 0.8883064, 0.8872844, 0.8862715, 
    0.8852674, 0.8842722, 0.8832859, 0.8823084, 0.8813397, 0.8803796, 
    0.8794281, 0.8784853, 0.8775508, 0.8766248, 0.875707, 0.8747975, 
    0.8738962, 0.8730031, 0.8721174, 0.8712392, 0.870369, 0.8695065, 
    0.8686519, 0.8678049, 0.8669657, 0.866134, 0.8653099, 0.8644932, 
    0.8636839, 0.862882, 0.8620874, 0.8612995, 0.8605184, 0.8597444, 
    0.8589774, 0.8582175, 0.8574646, 0.8567185, 0.8559792, 0.8552468, 
    0.854521, 0.853802, 0.8530895, 0.8523836, 0.8516845, 0.8509919, 
    0.8503058, 0.849626, 0.8489526, 0.8482854, 0.8476245, 0.8469697, 
    0.846321, 0.8456784, 0.8450418, 0.8444112, 0.8437865, 0.8431677, 
    0.8425539, 0.8419453, 0.8413424, 0.8407452, 0.8401535, 0.8395674, 
    0.8389868, 0.8384116, 0.8378419, 0.8372775, 0.8367185, 0.8361647, 
    0.8356162, 0.8350731, 0.8345351, 0.8340024, 0.8334749, 0.8329524, 
    0.832435, 0.8319227, 0.8314152, 0.8309128, 0.8304152, 0.8299224, 
    0.8294345, 0.8289514, 0.8284723, 0.8279973, 0.8275271, 0.8270615, 
    0.8266004, 0.8261438, 0.8256918, 0.8252442, 0.824801, 0.8243623, 
    0.8239279, 0.8234978, 0.823072, 0.8226504, 0.8222335, 0.8218212, 
    0.821413, 0.821009, 0.8206089, 0.8202129, 0.8198208, 0.8194327, 
    0.8190485, 0.8186682, 0.8182918, 0.8179191, 0.8175502, 0.817184, 
    0.8168206, 0.8164608, 0.8161048, 0.8157524, 0.8154038, 0.8150586, 
    0.8147171, 0.8143791, 0.8140446, 0.8137136, 0.813386, 0.8130618, 
    0.8127415, 0.8124248, 0.8121113, 0.8118012, 0.8114944, 0.8111907, 
    0.8108903, 0.810593, 0.8102989, 0.8100079, 0.80972, 0.8094352, 0.8091534, 
    0.8088747, 0.8085995, 0.8083281, 0.80806, 0.8077953, 0.8075338, 
    0.8072756, 0.8070207, 0.8067688, 0.8065202, 0.8062747, 0.8060322, 
    0.8057927, 0.8055563, 0.8053222, 0.805091, 0.8048633, 0.8046389, 
    0.8044177, 0.8041999, 0.8039853, 0.8037738, 0.8035655, 0.8033602, 
    0.8031579, 0.8029585, 0.8027621, 0.8025683, 0.8023772, 0.8021889, 
    0.8020033, 0.8018204, 0.8016401, 0.8014624, 0.8012872, 0.8011146, 
    0.8009444, 0.8007767, 0.8006113, 0.8004483, 0.8002877, 0.8001292, 
    0.799973, 0.7998189, 0.7996671, 0.7995173, 0.7993698, 0.7992242, 
    0.7990807, 0.7989393, 0.7987998, 0.7986623, 0.7985266, 0.798393, 
    0.7982609, 0.7981306, 0.7980021, 0.7978753, 0.7977504, 0.7976271, 
    0.7975056, 0.7973857, 0.7972674, 0.7971509, 0.7970358, 0.7969224, 
    0.7968105, 0.7967001, 0.7965912, 0.7964836, 0.7963775, 0.7962728, 
    0.7961695, 0.7960675, 0.7959668, 0.7958675, 0.7957695, 0.7956727, 
    0.7955772, 0.7954829, 0.7953898, 0.795298, 0.7952074, 0.7951179, 
    0.7950296, 0.7949424, 0.7948564, 0.7947714, 0.7946876, 0.7946048, 
    0.7945231, 0.7944425, 0.7943628, 0.7942842, 0.7942067, 0.79413, 
    0.7940544, 0.7939798, 0.7939061, 0.7938333, 0.7937615, 0.7936906, 
    0.7936205, 0.7935514, 0.7934831, 0.7934158, 0.7933492, 0.7932835, 
    0.7932187, 0.7931546, 0.7930914, 0.793029, 0.7929673, 0.7929064, 
    0.7928463, 0.7927869, 0.7927282, 0.7926704, 0.7926132, 0.7925568, 
    0.792501, 0.7924457, 0.7923909, 0.7923368, 0.7922833, 0.7922305, 
    0.7921783, 0.7921268, 0.7920759, 0.7920256, 0.791976, 0.7919269, 
    0.7918785, 0.7918307, 0.7917833, 0.7917367, 0.7916905, 0.7916449, 
    0.7915999, 0.7915555, 0.7915115, 0.7914681, 0.7914252, 0.7913829, 
    0.7913411, 0.7912997, 0.7912589, 0.7912185, 0.7911786, 0.7911392, 
    0.7911004, 0.7910619, 0.791024, 0.7909864, 0.7909493, 0.7909127, 
    0.7908766, 0.7908408, 0.7908055, 0.7907705, 0.7907361, 0.790702, 
    0.7906683, 0.790635, 0.7906021, 0.7905697, 0.7905376, 0.7905059, 
    0.7904745, 0.7904435, 0.790413, 0.7903827, 0.7903528, 0.7903233, 
    0.7902941, 0.7902653, 0.7902368, 0.7902086, 0.7901808, 0.7901533, 
    0.7901261, 0.7900993, 0.7900727, 0.7900465, 0.7900206, 0.789995, 
    0.7899697, 0.7899445, 0.7899196, 0.789895, 0.7898706, 0.7898466, 
    0.7898228, 0.7897993, 0.789776, 0.7897531, 0.7897304, 0.789708, 
    0.7896858, 0.7896639, 0.7896422, 0.7896208, 0.7895997, 0.7895787, 
    0.7895581, 0.7895376, 0.7895174, 0.7894974, 0.7894777, 0.7894582, 
    0.7894389, 0.7894198, 0.789401, 0.7893823, 0.7893639, 0.7893457, 
    0.7893277, 0.7893099, 0.7892923, 0.789275, 0.7892578, 0.7892408, 
    0.789224, 0.7892074, 0.789191, 0.7891747, 0.7891587, 0.7891428, 
    0.7891272, 0.7891117, 0.7890964, 0.7890812, 0.7890662, 0.7890514, 
    0.7890368, 0.7890223, 0.789008, 0.7889938, 0.7889798, 0.7889659, 
    0.7889523, 0.7889388, 0.7889254, 0.7889122, 0.7888991, 0.7888862, 
    0.7888734, 0.7888607, 0.7888482, 0.7888359, 0.7888237, 0.7888116, 
    0.7887996, 0.7887878 ;
}
